10.937265240955929 69.5332752629852
45.60175004451323 29.883516905862706
88.99580161458897 85.72802895101495
59.27839769756168 53.0730488916583
5.227750492026528 81.58920020242915
38.029774081171965 62.58411083692356
38.541372482724654 47.19315295849547
22.93890797676219 61.098579110061614
47.401452728535666 74.57598987908489
55.98243592312878 61.54244570126929
42.46041317555854 56.05172545701974
31.6377396921826 23.512884094101416
83.33646423160009 20.251678379516758
53.4700860455297 90.0120701577644
9.0808296637505 25.01441853025631
15.904027196165915 78.14463322597113
98.81135893846073 69.79946696850828
1.8929732272771393 75.30161162562557
34.46601095887441 92.1646309957319
44.41273645800745 51.507609552421485
44.07650525026904 10.911869938986186
47.85659472762115 50.158263688810514
21.166755198169838 68.60825353710858
81.41184208578001 60.04300083560582
87.41424470443557 86.43085519943891
42.104270750995724 58.49823335605604
76.86604297689745 79.93947600693612
51.398156698947204 33.27132561170064
34.29644209568593 6.367382920734588
91.59640064478995 92.54410063827754
39.90165466580072 2.4402684335777414
13.42648247628544 58.94675265839425
73.10414427919638 15.916466822359132
7.692718095979978 95.66390216299779
93.9081277022601 48.40335078078034
55.58960272473013 6.31658176299188
9.296491935846152 17.694641467850246
64.08012970502521 29.593875010257964
2.2627782581146616 58.728295203973005
9.786522826758425 0.4156032729000114
16.090126965432717 59.30623505756043
5.149487376757255 76.17709571618238
67.55251554564067 33.76870167014009
65.06054403185414 92.38150057112537
76.89950402404759 4.850900301941374
99.03740911065555 58.1375030271097
36.44388062457754 56.57681961982311
29.624678499289892 25.024340088811115
88.08714866790356 24.19029934828778
92.96264305886888 0.1711705759600224
55.62942301992706 84.12594551989396
6.356522562149047 87.83111698456248
68.4720427850524 43.69935558081943
67.43082590914081 51.85391068744178
84.72972748147801 29.299925516073166
81.43325780853023 95.13488654701308
22.976198113641622 34.60032438098972
65.83258411375337 4.319870604730546
27.37863731008481 45.380547716195395
5.5608716515613725 60.478047324386594
76.34336546196293 53.78724674584089
86.98225989788726 2.640043384306312
58.858396485628404 95.79873036849082
10.707132021941012 53.96696686015735
61.60218543534032 34.6378408555697
90.03582020606375 96.13850362473109
11.353166643060153 40.62087345064954
18.466681508367433 39.088279233359145
58.021817306661696 69.63010724031002
47.92736330011217 0.1485916375419949
6.970086512549056 14.91496678104025
74.94075188044556 92.93198432741832
23.33293295291956 96.06856226194178
83.13573917648569 49.96571794106542
43.63320052779356 55.61018113512023
94.41855196521752 23.909455717654858
85.43286421213554 98.6589754157236
27.196639392424572 4.327609888502915
19.520460453913348 67.12113880996021
89.65925345394243 5.400341791057017
9.536358497975804 12.161601729277628
18.22706765774048 74.06074182403745
7.077636997484504 4.645270121578749
19.40786829198673 40.76881150168703
42.48438110556311 36.380962599650935
64.6808209014246 91.91791906499603
78.63145776885489 1.578903667281517
6.472414640703894 31.754305730607445
8.013558491038285 9.529324113400072
86.79765304021497 39.213992418939114
41.33571838863786 76.46729635839688
93.99673603272244 39.84586274410975
7.014112584205112 66.27051243650156
85.52364687806165 92.53450840201832
41.63153323002283 31.1349494901356
90.48288183298096 76.68510103943815
82.34921035726256 91.74584690717909
87.01318387245165 18.245675246639927
90.36371592764289 70.02993325123057
53.57276236943663 31.621366417286858
63.32647669684345 48.7703989698976
8.92509339482489 14.937406410950071
79.35908994204081 54.977563337818246
96.79806893666122 14.614765765556736
34.21588963794808 28.19737466336466
78.24319573395474 1.704478856097591
49.110292483148086 26.423584812955436
46.75615292784556 47.255577822587256
13.965260734723351 63.93112594055116
55.49938590142832 43.28940830084831
18.913687358164786 46.579784445145336
71.31861451415918 9.605685523770491
67.05259086848162 86.81930231075373
61.45019829633321 53.640503519720816
63.56997022152825 73.994359427074
30.06917857186222 76.30859643588175
27.299556299977034 76.39990838309035
99.42071617330592 93.96828165969725
65.70503996951284 77.49827148581114
25.3424011494901 87.9197214446095
74.70840386211071 8.894198839564982
23.843333765243134 41.55102782892127
20.087563924090635 28.995242215097317
61.49877441140901 57.08187258677716
85.23828685924117 30.477585977590227
79.15138349515162 50.75830904482424
91.37849770411664 27.49675392199925
48.89322956333565 66.96797551469491
66.31146609095691 43.419227929751344
88.35906299996498 64.52821365680718
84.74884130050827 22.727364648235426
79.06277461437924 72.69774582454434
66.1047641699261 4.433265976348865
10.551988219652353 91.5300045835805
34.50533082821132 98.76976484027549
10.387731553978153 61.947284992562146
26.979560470488938 14.995680183462024
3.7873657375468217 72.62699356815966
84.75197206511623 83.05636962352007
94.28787071645817 10.41124645286281
14.334929251841233 31.991876559875408
71.19015754812101 21.01282300400581
38.41959261615108 26.182506677924934
46.17478332671594 55.835248212262
63.06852811371307 69.98932355656193
10.272294917627766 46.393717097749324
86.52804078838336 54.796174296429
67.18243868465949 61.35828520765918
83.00373495353534 14.792786989148732
27.76885559478206 62.85520639410749
64.91874796237718 44.64268947599158
87.96182375225197 44.50754061873175
44.50329561990421 67.01810263072504
27.074226113340316 71.63959476331662
15.296425011502468 30.00005468389547
96.31730150624557 41.60160660579045
27.265198919422097 64.84569034000461
56.695877308258716 46.66678156051754
83.4620954967384 87.90194171669027
2.8915889273385287 64.55623382817008
49.884731276893525 27.229786216771334
64.90070092764529 48.46799847911396
39.212223301240016 39.61773924828248
23.160622934760834 20.909323415454217
19.04465208153909 81.13186822441253
75.96030350165591 30.382168790589493
65.17794946424863 45.82001228989159
26.0679913457033 94.79297091696066
16.75266755035748 82.52387346996967
92.69458202720574 80.05098408580135
95.52065436810179 30.40336407197508
17.194337572810458 23.683173270607504
42.87358130313861 10.198486753440983
7.2459471895135135 48.2123210916683
18.08003232543077 22.775258752682138
15.280815672524362 29.45444044135529
31.63323016835743 21.094322984487047
84.3907622768833 24.757056296240233
36.538870123458786 9.56493983801916
91.37996850617067 58.746764933239746
14.304226665392505 84.68503191595023
44.18773386147471 32.40577396192709
87.54915844123177 75.25303928237635
23.31805672830084 54.78803551770386
28.951915453987564 63.67381667378217
75.38895486972086 95.49612169955145
86.58910366887727 97.30811658085742
86.31337133239943 82.6176747518122
61.1547282521821 40.64553670590758
56.722187478959896 42.751610378947966
70.4388400258953 31.28582093898855
85.83883656907743 32.96959355969544
51.79872111689735 63.04148116650335
84.21373445921645 19.551219837392786
58.00966717873391 20.95326861701726
86.13641792683153 55.71609630022104
47.6061922019799 81.67210466333056
86.26781070457542 71.5305078957986
62.503745816357124 6.7603226435513974
48.35558700099778 42.37138499744857
17.65726691916033 8.911024061610728
68.01514563776266 71.16502687195249
50.86773685374153 34.704562886141986
57.66318048508127 17.4468684390117
90.42330362863183 40.302800101590606
10.324509789087822 59.29991152176369
65.75157422451737 40.917015176118234
85.9173703054852 72.13185442219319
17.156689305091433 44.94597593771984
48.78926944732156 24.781333303338926
32.34033924820575 48.042115674615935
87.33292280682443 79.64774624745445
92.94802168572686 90.08240492587882
6.857909829479958 30.15589914839998
32.26969355509084 47.493353578654464
69.19123349085542 96.0676853958105
82.41085432219187 38.69472531451782
52.28023765032152 86.23402641099499
45.91214140272671 54.081849797617934
44.44937387182804 94.8263420716407
22.532052458716688 5.905918073930049
40.21936213414868 16.044411866408794
38.067357835769144 38.00335631766598
2.5762057759371904 92.46843745796009
98.6513930329992 26.492950580682606
55.77852236264261 51.22943458355357
40.152265045437055 57.19671026366804
34.49867933958457 26.04285581124719
50.61089596009598 18.558794050841854
12.178487698678387 0.934201889177555
3.3669824656870517 72.97606536748194
38.240879383549476 39.1904054053286
89.54070397519716 56.61163384278801
41.97370787551914 9.894714132641003
2.531091755535242 84.13298270675294
56.73411671555311 60.138693699234494
96.32384268715055 37.642543937788986
67.56582700300527 11.468308049850663
61.80201624784761 0.12708493247650665
50.4188561025946 30.266574916455134
28.770560644226716 84.05670287277607
88.87667248111822 47.47772413046184
5.659612253776924 86.87008014367191
8.800628050943281 95.13797882840326
17.82976842405839 76.25833374463066
32.79637731318068 28.472392597310126
23.95785534195972 8.099586045076334
42.46176388830456 26.179985881922708
38.9528512065348 72.07222268995568
86.7263922558069 45.06466552572371
36.86980185630648 7.452152047776206
43.77530508020433 41.42121599695113
48.41271627217999 57.3456213623836
54.98636038374397 35.255866572819826
5.710831941280404 55.78232778872065
50.28219863047716 88.74865862368345
1.465946596174128 78.97799055330104
48.63850906065049 46.97459337392359
78.53346221100082 55.161436445921595
86.46969958916162 36.77173984883837
78.99535718010685 47.10044301606532
43.80391010712129 19.100012950084235
37.95057941728385 89.04060494105195
77.97401000358548 24.60062528993463
99.33314846566523 21.48005546660944
40.99089606355821 0.8042567416873148
10.116427313073972 42.716184889203504
23.842894342700415 98.39675322171445
23.58586272216463 98.52602278167699
69.12229302345342 75.25894645696658
53.68789653321482 42.61613736451299
75.56072912112971 15.77466998416287
68.33210108152286 40.39234728420137
40.095179237458744 16.484022281072896
1.9473377305904038 39.04002082691211
58.776161479203715 23.171585536223326
51.20639644533848 67.28787432485112
77.33990648857399 84.81882274329595
99.2569252993227 7.666973550460543
82.90842707107092 69.94906955648206
37.93748572057534 21.416460837504857
49.27114988393409 8.355802298157677
42.46055881031209 93.62666464328262
24.574432362325872 76.3841848673069
0.616805652671637 42.054597778680304
33.56535596068532 70.63762793709513
37.41518750095888 70.02298446808754
31.836236106067794 75.8510159041534
99.32965945552341 53.088092516460314
43.464868681139734 1.1860427916782545
63.68252852090504 12.19565166666403
60.65148063666661 92.53525990025963
52.520527428455985 39.17960828234831
30.55654283595516 54.054546381040325
88.42103451253543 21.285975257842317
25.366816144336944 48.97050600666811
55.053802998365896 25.852850033629593
18.81792842561085 83.75138950050946
6.292909061345398 94.35916997769506
98.58618357809914 77.15903704336755
34.21833661494924 31.055123929042782
71.19280167352503 99.91790975243183
60.86755233673884 40.378003004655284
65.73572164132264 42.92926857933593
83.12517932062208 11.249423863181129
45.19026105762855 58.164834176749444
71.7539999839132 90.96588881473082
13.842981995376281 22.50423998879444
50.56140605368113 78.38322736008335
10.732432874749165 61.26965068934975
5.034029391881556 50.67041947012403
63.32517770633702 69.79109556379466
17.628442439135796 93.49914508119333
60.2453470590777 36.8309482790794
73.07419293059405 94.5950466028729
97.79667540818625 80.96491292284476
80.10377010109838 93.90018110393264
4.863992054176536 17.75579125827942
90.36108112058562 43.30185502681888
5.804573607432717 28.123244660463687
43.324178312486474 64.1212333110543
44.527806362941746 42.70396360703281
28.547058283041128 56.32880167453642
96.13205015509837 81.98468980659389
9.880312965688054 50.80108822313917
57.77279621015967 19.539312521525698
36.642884768179265 4.171009730374653
78.5590583890748 33.9577787806839
65.7954340901841 41.97995251065877
65.80482659911505 53.123072494815936
98.26207187029297 1.2360748871950045
73.49825594974838 72.52728942137635
13.0984386785583 70.2441360614051
45.96780327294832 47.508076482856055
74.660823721601 53.8281691492392
55.90478151164684 18.424829001388666
85.20135291785711 34.342710900164995
21.79402714152602 20.840322704044844
40.13244383860475 17.481519313251013
30.071152800157165 48.5824862375194
5.363825585743786 78.71529895462689
88.71415169893791 36.71844248750196
10.908095338596958 32.57944617899683
61.03102757580068 99.91891031948529
15.120538709520437 77.89023189597316
38.09408525121064 54.62964314137972
99.1427772115064 50.19548765165832
39.800919107223564 85.7102554551122
52.32200461017504 24.49461944205783
70.7192198161451 89.33393025718262
10.701700879937793 14.27676627711223
32.0382636279306 28.633523815934623
25.868846518104004 5.5195952863950515
84.03495318965774 39.76335841197813
51.90508896604492 48.89650372213513
11.802356740996734 72.01728975018476
0.572385104512918 66.12075930996288
32.38784758438468 76.68485019037846
21.217115744679216 46.94039730230999
56.780616627926584 18.652963973796734
25.022042512429042 88.71290450580645
42.13426831976671 29.63889533950894
42.48332121856622 60.50525339446742
30.646291402855 36.47170696464159
68.25607987852773 8.800200863794371
91.47238437579192 13.076052354539502
74.68868087109523 56.34730646893969
87.49009876776744 76.01316419432575
57.98567005886813 4.77193983745966
20.204446324162795 7.53188342136667
50.25287535432661 55.57483715359207
78.90942265066418 68.0826627406401
94.39901544681139 20.413393398399304
73.48675219672165 11.66239594823577
10.645295847834468 25.6581746016472
11.264837524529502 40.75964743062933
4.6602077223829035 26.13234229920455
34.52762242580384 49.239357443303355
58.4004396609332 34.64397445357318
95.15956593731522 10.604399613257431
25.078652493062336 86.06283491928087
43.835676295349856 32.712318331020796
61.54090510944976 62.80538803916084
85.65500483178057 4.160007133235721
13.569254857048064 71.91014444794021
88.53203618030653 14.355933972467616
38.29519678987974 70.00729464169585
38.80001825559004 53.72554764093821
43.94538080310619 76.05200965339807
91.09084301959234 51.3247152200475
0.5974926630855415 18.651615307026958
76.69301991205612 92.11955462611144
71.11789562604484 75.15224347586393
84.1844509787784 5.912674799713025
19.509807674082946 47.688089745118404
63.670188459660984 32.90104939199432
55.874689793755664 72.84152467993565
1.8471892502968879 79.83542637762388
70.7995405770955 60.58501383419994
49.03758780196355 70.89800470040079
53.89764525837069 58.55961200062784
38.7474353500441 27.946412280766776
34.758928008656945 88.97930915364027
65.08254665262147 10.788975833981096
7.8571456197291 96.88706162518741
38.15547732551985 58.853827475541706
57.96376583612422 1.0093243352195302
6.6842378676758685 9.21323425941405
36.12519043880765 74.81677520960463
3.059026094899886 81.07181786553163
56.20267113074906 33.70939478348029
30.5968833813963 25.34850648537287
93.07899216041542 87.02003165666177
75.46714857987264 97.82689095197186
52.62172424616812 30.57783306069467
42.702064613487956 53.20185797130517
7.956653630183375 4.024752620116512
53.42840852013679 1.7412236541361814
84.92431499103161 95.1974190800664
70.84946833619884 16.245721753416042
50.97099935324753 90.12431800553146
26.405330935204695 85.65137404908396
43.677407406926896 40.03041069949113
24.789440462484556 4.584050447932276
5.915936172676172 83.96548050052948
88.20598714523436 44.20684392361769
81.7226072764841 44.79871261833277
97.09299373049927 60.53725237965503
39.31295545986152 34.22451375031115
24.834459700750177 87.36429858344589
58.02261652341313 93.15698000960238
4.353979792341711 55.12311348326722
94.78230805710123 11.395919436593394
42.225622646402215 58.01565291677666
98.82047105192191 62.83109151954667
80.55779974456104 59.55854898571891
30.537261263136493 14.579121210527612
81.30931069365407 90.70242676367033
87.66367071997631 85.50687009304629
76.01728172604457 9.667505151297973
79.08699748240957 47.289646897926254
44.47802915664902 1.8021361147829373
91.26305281558851 16.829361359974204
99.39865534354433 61.45141977613534
69.35187673021032 4.642731899174968
41.24451405364301 12.523161910686376
72.97414647113347 51.43729443675188
84.41460370135154 53.529981669261076
15.236795000705483 82.5405724348129
7.969420045702491 13.965448674892823
36.66639072639162 35.307929153012594
24.234337100887505 98.85623533994291
24.615786062095303 67.72882184196311
87.1166641834757 86.54275336524178
88.31428921990776 43.20390003775923
97.55002611673464 48.9579066866368
6.533220866056466 3.9522948700252747
3.7960691080536346 94.47191056495622
55.711724282203 37.88979421144742
45.570181209629425 30.569985286697943
68.94322726916747 82.19790708514955
27.8340581221598 98.03105932601493
84.88560703326891 67.67840244448405
97.11711226611091 81.59712808446322
59.62205202906874 92.12339579542376
13.726691929047796 63.44663123829366
47.0905150723394 8.778705772634844
57.55068242439306 59.558464165746386
79.13123677714786 99.15791182034168
67.10949754884261 51.602724035084314
24.019379062980505 61.15730095988828
40.8999548875767 92.50942928072318
68.09041571912381 33.80664523516512
0.3922238436357084 29.31922178391536
46.05741170047367 82.36711360111785
13.778255585088594 73.77309341328598
39.77339004188576 59.423756901328574
63.87391106353147 7.995094810097991
73.878592247846 49.23988070243084
89.62060329097078 93.32066758457701
36.4830854351723 76.39356740074635
70.539297830371 50.493551870768
93.34057511289416 98.57421327487529
29.932527793232456 79.75094093151348
82.76196097441317 65.32001549878007
99.60935110803285 37.88456390524006
67.01335340974074 61.95648821363239
13.046690882630896 64.14204503372261
43.469725977410555 95.72098046651037
31.767351853080562 5.345571037402896
97.63631883259323 11.31462725244392
92.78589059542102 18.847151382581718
64.6185419236339 10.292445864689181
54.15702173329141 4.910054787999163
27.004857019262964 2.4438536493830543
53.87042276173394 36.9333922628956
76.26027789585395 96.99078815480866
25.74708848277415 65.46596164348169
61.34321275606626 44.94055915559457
70.56453000403569 82.4792672554343
